2022 12
2020 91
2013 12
2014 89
2011 69
2002 33
2001 66
2007 20
2019 44
2017 38
2015 7
2007 47
2009 84
2014 48
2012 65
2011 63
2019 65
2017 2
2011 27
2021 36
2011 2
2022 57
2018 84
2016 63
2020 87
2000 91
2002 49
2012 2
2001 92
2003 59
2019 26
2022 46
2007 23
2007 77
2014 65
2016 84
2016 82
2012 6
2016 53
2015 20
2004 66
2003 62
2000 44
2002 37
2011 8
2005 53
2019 8
2004 42
2002 15
2005 66
2009 37
2010 57
2011 20
2009 46
2008 69
2015 0
2008 80
2010 29
2001 2
2012 2
2010 53
2003 98
2009 55
2012 62
2006 89
2021 63
2007 67
2022 24
2015 69
2011 75
2001 80
2000 1
2019 6
2013 62
2015 9
2000 71
2021 27
2001 84
2014 3
2021 22
2008 76
2005 58
2000 67
2013 24
2012 48
2013 58
2005 50
2006 61
2000 48
2021 54
2017 87
2002 80
2010 13
2016 25
2022 56
2013 67
2011 9
2011 89
2008 33
2000 74
2020 66
2009 87
2009 91
2010 32
2018 85
2001 25
2022 61
2007 7
2020 15
2008 87
2004 78
2014 4
2005 91
2022 76
2016 49
2022 40
2006 54
2017 45
2013 71
2002 68
2015 65
2008 15
2012 76
2001 94
2010 38
2002 12
2013 29
2012 61
2001 95
2006 77
2020 11
2018 36
2016 9
2016 74
2021 86
2021 67
2003 69
2020 15
2013 14
2006 88
2001 62
2005 20
2000 22
2000 7
2012 48
2007 90
2004 63
2015 41
2011 6
2008 0
2015 60
2022 68
2019 81
2014 70
2016 25
2022 77
2012 46
2012 61
2009 27
2016 88
2022 59
2018 4
2013 89
2007 48
2005 94
2009 88
2005 58
2021 44
2011 60
2002 60
2021 28
2011 6
2004 11
2015 97
2012 41
2005 30
2002 80
2022 47
2003 37
2022 8
2003 32
2020 17
2009 26
2008 97
2003 7
2006 77
2007 10
2007 78
2000 96
2003 13
2021 68
2014 1
2003 90
2009 67
2022 43
2017 37
2006 17
2012 49
2001 45
2010 29
2005 29
2007 65
2003 33
2017 49
2017 13
2012 93
2007 49
2005 3
2011 37
2007 63
2012 24
2014 7
2011 61
2021 38
2018 19
2013 32
2019 59
2011 11
2004 28
2011 83
2012 4
2003 45
2009 94
2014 70
2019 10
2021 20
2018 82
2011 91
2018 3
2003 61
2011 57
2015 56
2010 20
2006 4
2010 6
2003 77
2021 2
2004 8
2002 52
2001 73
2015 25
2006 62
2002 78
2007 91
2021 15
2017 74
2020 5
2008 75
2021 29
2011 72
2018 57
2015 38
2019 62
2000 51
2000 0
2006 65
2003 33
2022 81
2015 20
2011 90
2020 10
2004 41
2002 84
2007 48
2003 21
2013 75
2012 20
2005 14
2017 69
2021 2
2002 68
2016 73
2021 86
2013 81
2008 9
2003 69
2017 72
2014 41
2019 99
2019 43
2009 49
2020 92
2013 79
2016 50
2020 34
2012 77
2017 58
2002 5
2012 5
2002 37
2015 47
2015 50
2007 48
2016 51
2014 12
2021 13
2016 92
2021 20
2019 86
2003 33
2004 59
2016 80
2010 80
2007 85
2005 22
2017 86
2013 79
2012 64
2007 79
2006 55
2005 57
2011 17
2000 23
2012 95
2010 16
2001 75
2022 96
2015 66
2014 40
2014 2
2002 68
2016 72
2002 74
2018 79
2006 8
2015 61
2007 52
2021 55
2016 50
2013 93
2003 87
2017 24
2012 74
2014 52
2000 84
2010 50
2007 0
2004 67
2002 82
2002 72
2008 48
2003 32
2012 95
2012 56
2014 36
2007 54
2008 26
2022 5
2019 57
2022 70
2020 6
2007 36
2000 41
2022 54
2015 17
2014 45
2022 38
2017 46
2002 73
2008 99
2019 85
2017 9
2017 89
2006 13
2015 92
2010 96
2021 64
2015 37
2005 92
2013 7
2019 25
2012 93
2007 39
2020 69
2022 1
2018 76
2010 6
2022 63
2012 24
2007 24
2010 71
2010 77
2016 48
2012 35
2003 48
2002 36
2018 44
2016 61
2020 66
2005 74
2001 69
2002 15
2012 11
2016 88
2016 3
2017 99
2014 95
2019 38
2015 65
2007 77
2007 70
2020 61
2011 16
2002 15
2010 80
2004 68
2006 76
2006 41
2004 11
2012 64
2004 38
2008 17
2005 88
2016 39
2010 66
2005 67
2016 81
2004 12
2003 63
2009 30
2001 0
2021 49
2005 9
2022 69
2019 10
2003 82
2007 18
2001 2
2018 21
2014 48
2001 5
2006 22
2005 58
2010 15
2016 83
2010 14
2016 31
2010 87
2011 78
2018 63
2020 66
2007 8
2005 65
2008 66
2019 91
2014 77
2019 29
2010 40
2018 5
2016 47
2001 98
2022 43
2010 8
2006 43
2002 82
2006 83
2019 64
2001 40
2012 40
2005 66
2011 5
2000 37
2017 2
2005 96
2004 9
2005 64
2017 87
2008 22
2002 68
2013 92
2019 33
2003 14
2012 82
2015 42
2017 3
2014 13
2018 64
2001 89
2016 15
2011 31
2010 86
2017 70
2021 5
2020 62
2000 15
2006 84
2006 66
2001 3
2014 64
2011 60
2002 54
2011 43
2006 59
2016 81
2022 74
2002 79
2003 73
2013 57
2009 54
2017 44
2015 32
2007 29
2022 55
2016 6
2015 21
2018 12
2020 69
2008 97
2010 19
2015 21
2015 74
2004 51
2003 82
2022 56
2007 21
2004 38
2011 43
2003 12
2020 59
2013 84
2002 70
2002 80
2016 33
2022 65
2004 51
2018 44
2020 99
2022 31
2004 64
2019 8
2017 78
2012 54
2019 89
2012 61
2007 34
2008 36
2003 19
2015 10
2014 76
2014 37
2009 72
2011 56
2005 21
2002 99
2009 91
2002 9
2018 8
2014 63
2004 38
2005 28
2005 68
2020 78
2018 99
2015 54
2008 71
2004 5
2002 41
2011 27
2001 68
2011 52
2021 45
2010 10
2013 21
2020 90
2021 45
2022 56
2000 77
2015 22
2014 14
2020 54
2003 63
2019 39
2019 55
2000 10
2004 28
2006 65
2009 63
2017 17
2006 72
2018 78
2016 91
2002 47
2014 53
2002 57
2007 57
2006 76
2007 26
2012 69
2017 93
2011 64
2012 85
2006 91
2006 7
2008 16
2003 41
2001 71
2002 83
2017 95
2018 76
2022 38
2000 59
2009 69
2019 94
2021 67
2015 68
2005 43
2004 99
2003 48
2001 81
2018 8
2016 36
2017 33
2017 30
2019 0
2016 62
2022 21
2016 1
2011 17
2010 73
2020 91
2002 92
2010 97
2010 50
2010 62
2007 8
2007 33
2016 61
2011 69
2014 15
2013 48
2006 71
2015 71
2015 19
2020 40
2022 73
2000 7
2022 64
2001 35
2007 30
2022 80
2002 41
2005 34
2016 32
2008 82
2016 19
2002 25
2000 40
2014 39
2002 4
2002 29
2003 72
2007 94
2018 21
2006 48
2008 16
2010 91
2022 56
2000 25
2001 81
2004 48
2009 29
2008 52
2018 87
2008 77
2011 1
2002 5
2011 12
2011 76
2020 22
2020 62
2019 14
2000 74
2020 67
2022 92
2021 52
2012 15
2013 30
2019 97
2010 81
2022 85
2003 73
2015 16
2012 51
2011 6
2018 7
2004 19
2021 9
2018 57
2007 17
2022 92
2003 29
2010 16
2000 18
2008 60
2008 38
2020 72
2018 84
2017 98
2016 75
2003 15
2005 5
2016 60
2016 21
2013 32
2020 56
2019 48
2011 61
2007 22
2020 64
2005 81
2008 79
2010 61
2001 60
2002 3
2009 95
2016 63
2005 80
2014 89
2003 63
2000 8
2001 92
2004 38
2022 26
2020 89
2014 60
2006 87
2005 74
2013 4
2014 22
2000 14
2021 14
2007 6
2022 19
2000 22
2008 81
2010 56
2002 14
2002 20
2010 73
2011 10
2009 87
2021 43
2010 36
2006 54
2021 48
2021 84
2008 42
2004 73
2021 83
2002 82
2019 8
2008 36
2016 50
2000 67
2016 74
2014 60
2008 73
2011 45
2016 62
2000 26
2016 2
2013 17
2014 46
2020 51
2008 95
2020 22
2014 37
2005 80
2018 3
2009 31
2007 93
2003 83
2010 49
2016 32
2000 58
2016 28
2019 32
2008 69
2009 22
2015 20
2017 8
2001 50
2018 82
2010 5
2011 57
2005 99
2007 7
2000 92
2009 7
2004 18
2008 21
2000 32
2013 60
2010 95
2005 61
2018 17
2019 10
2000 14
2020 60
2013 18
2008 21
2022 16
2015 66
2000 89
2008 80
2020 13
2006 24
2013 63
2014 33
2017 4
2006 17
2000 41
2006 40
2016 14
2008 92
2020 11
2016 3
2014 27
2013 87
2004 68
2003 32
2002 6
2015 13
2015 20
2017 33
2012 80
2005 21
2009 32
2003 50
2020 13
2022 72
2006 9
2008 82
2022 14
2015 95
2017 77
2017 78
2009 76
2000 54
2020 19
2001 0
2005 95
2017 9
2022 98
2007 1
2012 64
2019 2
2015 35
2001 7
2016 49
2021 84
2011 6
2005 11
2016 85
2006 57
2014 41
2010 87
2017 41
2021 45
2013 60
2001 68
2021 11
2011 77
2009 45
2010 37
2014 74
2001 56
2010 61
2004 98
2012 39
2021 68
2000 8
2012 66
2011 53
2017 41
2020 49
2012 40
2021 82
2014 24
2005 23
2016 9
2001 71
2004 1
2001 81
2003 0
2005 75
2003 98
2009 42
2012 40
2002 12
2005 85
2005 73
2013 5
2002 60
2004 21
2019 46
2017 58
2018 37
2003 57
2021 58
2007 52
2014 81
2001 74
2019 15
2000 1
2009 86
2000 73
2018 81
2011 94
2011 66
2020 31
2006 65
2006 5
2008 0
2003 78
2013 9
2005 7
2000 77
2012 90
2001 97
2008 82
2002 27
2007 37
2001 96
2019 80
2019 45
2007 49
2002 52
2011 97
2007 27
2012 22
2019 29
2006 20
2021 34
2004 41
2006 62
2007 59
2019 30
2011 73
2012 2
2009 38
2009 26
2003 9
2005 52
2007 15
2015 24
2004 44
2010 10
2003 12
2007 61
2017 50
2004 5
2009 7
2018 12
2015 33
2001 3
2021 40
2015 36
2001 34
2016 28
2020 43
2016 85
2013 11
2008 89
2008 39
2019 22
2018 15
2013 51
2022 51
2005 65
2021 53
2002 64
2008 40
2015 33
2006 60
2011 32
2002 92
2011 83
2004 33
2022 9
2017 0
2016 77
2009 63
2008 67
2007 66
2010 97
2020 42
2015 96
2007 67
2021 2
2001 58
2001 36
2003 46
2005 2
2000 49
2014 18
2006 31
2014 42
2012 38
2020 41
